[[ 0.47699556  0.43392    -0.02533333 -0.42144    -0.43392    -0.192       0.
   0.          0.          0.          0.          0.          0.          0.
   0.        ]
 [ 0.43392     1.50789333  0.144      -0.43392    -0.67456     0.144       0.
   0.          0.          0.          0.          0.          0.          0.
   0.        ]
 [-0.02533333  0.144       1.46666667  0.192      -0.144       0.4         0.
   0.          0.          0.          0.          0.          0.          0.
   0.        ]
 [-0.42144     0.43392    -0.192       0.84288     0.          0.384
  -0.42144     0.43392     0.192       0.          0.          0.          0.
   0.          0.        ]
 [ 0.43392    -0.67456    -0.144       0.          1.34912     0.          0.43392
  -0.67456     0.144       0.          0.          0.          0.          0.
   0.        ]
 [ 0.192       0.144       0.4         0.384       0.          1.6        -0.192
  -0.144       0.4         0.          0.          0.          0.          0.
   0.        ]
 [ 0.          0.          0.         -0.42144    -0.43392     0.192
   0.84288     0.         -0.384      -0.42144    -0.43392    -0.192       0.
   0.          0.        ]
 [ 0.          0.          0.         -0.43392    -0.67456    -0.144       0.
   1.34912     0.         -0.43392    -0.67456     0.144       0.          0.
   0.        ]
 [ 0.          0.          0.         -0.192       0.144       0.4        -0.384
   0.          1.6         0.192      -0.144       0.4         0.          0.
   0.        ]
 [ 0.          0.          0.          0.          0.          0.         -0.42144
   0.43392    -0.192       0.84288     0.          0.384      -0.42144
   0.43392     0.192     ]
 [ 0.          0.          0.          0.          0.          0.          0.43392
  -0.67456    -0.144       0.          1.34912     0.          0.43392
  -0.67456     0.144     ]
 [ 0.          0.          0.          0.          0.          0.          0.192
   0.144       0.4         0.384       0.          1.6        -0.192      -0.144
   0.4       ]
 [ 0.          0.          0.          0.          0.          0.          0.
   0.          0.         -0.05555556  0.          0.16666667  0.47699556
  -0.43392    -0.02533333]
 [ 0.          0.          0.          0.          0.          0.          0.
   0.          0.          0.         -0.83333333  0.         -0.43392
   1.50789333 -0.144     ]
 [ 0.          0.          0.          0.          0.          0.          0.
   0.          0.         -0.16666667  0.          0.33333333 -0.02533333
  -0.144       1.46666667]]
