[[ 0.48  0.43 -0.03 -0.42 -0.43 -0.19  0.    0.    0.    0.    0.    0.    0.   0.    0.  ]
 [ 0.43  1.51  0.14 -0.43 -0.67  0.14  0.    0.    0.    0.    0.    0.    0.   0.    0.  ]
 [-0.03  0.14  1.47  0.19 -0.14  0.4   0.    0.    0.    0.    0.    0.    0.   0.    0.  ]
 [-0.42  0.43  0.19  0.84  0.    0.38 -0.42  0.43  0.19  0.    0.    0.    0.   0.    0.  ]
 [ 0.43 -0.67  0.14  0.    1.35  0.    0.43 -0.67  0.14  0.    0.    0.    0.   0.    0.  ]
 [-0.19 -0.14  0.4   0.38  0.    1.6  -0.19 -0.14  0.4   0.    0.    0.    0.   0.    0.  ]
 [ 0.    0.    0.   -0.42 -0.43 -0.19  0.84  0.   -0.38 -0.42 -0.43 -0.19   0.    0.    0.  ]
 [ 0.    0.    0.   -0.43 -0.67  0.14  0.    1.35  0.   -0.43 -0.67  0.   0.    0.    0.  ]
 [ 0.    0.    0.    0.19 -0.14  0.4  -0.38  0.    1.6   0.19 -0.14  0.4   0.    0.    0.  ]
 [ 0.    0.    0.    0.    0.    0.   -0.42  0.43  0.19  0.84  0.    0.38  -0.42  0.43  0.19]
 [ 0.    0.    0.    0.    0.    0.    0.43 -0.67  0.14  0.    1.35  0.   0.43 -0.67  0.14]
 [ 0.    0.    0.    0.    0.    0.   -0.19 -0.14  0.4   0.38  0.    1.6  -0.19 -0.14  0.4 ]
 [ 0.    0.    0.    0.    0.    0.    0.    0.    0.   -0.06  0.    0.17   0.48 -0.43 -0.03]
 [ 0.    0.    0.    0.    0.    0.    0.    0.    0.    0.   -0.83  0.  -0.43  1.51 -0.14]
 [ 0.    0.    0.    0.    0.    0.    0.    0.    0.   -0.17  0.    0.33  -0.03 -0.14  1.47]]
